0.08 0.004 0.04
0.081 0.004 0.04
0.082 0.004 0.04
0.083 0.004 0.04
0.084 0.004 0.04
0.085 0.004 0.04
0.086 0.004 0.04
0.087 0.004 0.04
0.088 0.004 0.04
0.089 0.004 0.04
0.09 0.004 0.04
0.091 0.004 0.04
0.09 0.004 0.04
0.091 0.004 0.04
0.092 0.004 0.04
0.091 0.004 0.04
0.09 0.004 0.04
0.091 0.004 0.04
0.09 0.004 0.04
0.091 0.004 0.04
0.092 0.004 0.04
0.093 0.004 0.04
0.094 0.004 0.04
0.095 0.004 0.04
0.096 0.004 0.04
0.097 0.004 0.04
0.098 0.004 0.04
0.097 0.004 0.04
0.098 0.004 0.04
0.097 0.004 0.04
0.096 0.004 0.04
0.097 0.004 0.04
0.098 0.004 0.04
0.099 0.004 0.04
0.098 0.004 0.04
0.097 0.004 0.04
0.096 0.004 0.04
0.095 0.004 0.04
0.094 0.004 0.04
0.093 0.004 0.04
0.092 0.004 0.04
0.091 0.004 0.04
0.09 0.004 0.04
0.089 0.004 0.04
0.088 0.004 0.04
0.087 0.004 0.04
0.086 0.004 0.04
0.085 0.004 0.04
0.084 0.004 0.04
0.083 0.004 0.04
0.082 0.004 0.04
0.081 0.004 0.04
0.08 0.004 0.04
0.08 0.004 0.039
0.08 0.004 0.038
0.08 0.004 0.037
0.08 0.004 0.036
0.08 0.004 0.035
0.08 0.004 0.036
0.08 0.004 0.037
0.08 0.004 0.038
0.08 0.004 0.039
0.08 0.004 0.04
0.08 0.004 0.041
0.08 0.004 0.042
0.08 0.004 0.043
0.08 0.004 0.044
0.08 0.004 0.045
0.08 0.004 0.046
0.08 0.004 0.045
0.081 0.004 0.045
0.082 0.004 0.045
0.083 0.004 0.045
0.084 0.004 0.045
0.085 0.004 0.045
0.084 0.004 0.045
0.083 0.004 0.045
0.082 0.004 0.045
0.081 0.004 0.045
0.08 0.004 0.045
0.08 0.004 0.046
0.08 0.004 0.047
0.08 0.004 0.048
0.08 0.004 0.049
0.08 0.004 0.05
0.08 0.004 0.051
0.08 0.004 0.052
0.08 0.004 0.053
0.08 0.004 0.054
0.08 0.004 0.055
0.08 0.004 0.056
0.08 0.004 0.055
0.08 0.005 0.055
0.08 0.006 0.055
0.08 0.007 0.055
0.08 0.008 0.055
0.08 0.009 0.055
0.08 0.01 0.055
0.08 0.009 0.055
0.08 0.008 0.055
0.08 0.007 0.055
0.08 0.006 0.055
0.08 0.005 0.055
0.08 0.004 0.055
0.081 0.004 0.055
0.082 0.004 0.055
0.083 0.004 0.055
0.084 0.004 0.055
0.085 0.004 0.055
0.086 0.004 0.055
0.087 0.004 0.055
0.088 0.004 0.055
0.089 0.004 0.055
0.09 0.004 0.055
0.09 0.004 0.054
0.09 0.004 0.053
0.09 0.004 0.052
0.09 0.004 0.051
0.09 0.004 0.05
0.091 0.004 0.05
0.092 0.004 0.05
0.092 0.004 0.051
0.092 0.004 0.052
0.092 0.004 0.053
0.092 0.004 0.054
0.092 0.004 0.055
0.092 0.004 0.056
0.092 0.004 0.057
0.092 0.004 0.058
0.092 0.004 0.059
0.092 0.004 0.06
0.091 0.004 0.06
0.09 0.004 0.06
0.089 0.004 0.06
0.088 0.004 0.06
0.087 0.004 0.06
0.086 0.004 0.06
0.085 0.004 0.06
0.085 0.005 0.06
0.085 0.006 0.06
0.085 0.007 0.06
0.085 0.008 0.06
0.085 0.009 0.06
0.085 0.008 0.06
0.085 0.007 0.06
0.085 0.006 0.06
0.085 0.006 0.059
0.085 0.006 0.058
0.085 0.006 0.057
0.085 0.006 0.056
0.085 0.006 0.055
0.085 0.006 0.054
0.085 0.006 0.053
0.085 0.006 0.052
0.085 0.006 0.051
0.085 0.006 0.05
0.085 0.006 0.049
0.085 0.006 0.048
0.085 0.006 0.047
0.085 0.006 0.046
0.085 0.006 0.045
0.085 0.006 0.044
0.085 0.006 0.043
0.085 0.006 0.042
0.085 0.006 0.041
0.085 0.006 0.04
0.086 0.006 0.04
0.087 0.006 0.04
0.088 0.006 0.04
0.089 0.006 0.04
0.09 0.006 0.04
0.089 0.006 0.04
0.088 0.006 0.04
0.087 0.006 0.04
0.086 0.006 0.04
0.085 0.006 0.04
0.084 0.006 0.04
0.083 0.006 0.04
0.082 0.006 0.04
0.081 0.006 0.04
0.08 0.006 0.04
0.08 0.007 0.04
0.08 0.008 0.04
0.08 0.009 0.04
0.08 0.01 0.04
