0.08 0.008 0.04
0.08 0.009 0.04
0.08 0.01 0.04
0.079 0.01 0.04
0.078 0.01 0.04
0.079 0.01 0.04
0.08 0.01 0.04
0.081 0.01 0.04
0.08 0.01 0.04
0.079 0.01 0.04
0.08 0.01 0.04
0.079 0.01 0.04
0.078 0.01 0.04
0.077 0.01 0.04
0.076 0.01 0.04
0.075 0.01 0.04
0.074 0.01 0.04
0.073 0.01 0.04
0.072 0.01 0.04
0.071 0.01 0.04
0.07 0.01 0.04
0.069 0.01 0.04
0.068 0.01 0.04
0.067 0.01 0.04
0.066 0.01 0.04
0.065 0.01 0.04
0.064 0.01 0.04
0.063 0.01 0.04
0.062 0.01 0.04
0.061 0.01 0.04
0.06 0.01 0.04
0.059 0.01 0.04
0.058 0.01 0.04
0.057 0.01 0.04
0.056 0.01 0.04
0.055 0.01 0.04
0.054 0.01 0.04
0.053 0.01 0.04
0.052 0.01 0.04
0.051 0.01 0.04
0.05 0.01 0.04
0.049 0.01 0.04
0.048 0.01 0.04
0.047 0.01 0.04
0.046 0.01 0.04
0.045 0.01 0.04
0.044 0.01 0.04
0.043 0.01 0.04
0.042 0.01 0.04
0.041 0.01 0.04
0.04 0.01 0.04
0.039 0.01 0.04
0.038 0.01 0.04
0.037 0.01 0.04
0.036 0.01 0.04
0.035 0.01 0.04
0.034 0.01 0.04
0.033 0.01 0.04
0.032 0.01 0.04
0.031 0.01 0.04
0.03 0.01 0.04
0.031 0.01 0.04
0.031 0.011 0.04
0.031 0.012 0.04
0.031 0.013 0.04
0.031 0.014 0.04
0.031 0.015 0.04
0.031 0.016 0.04
0.031 0.017 0.04
0.031 0.018 0.04
0.031 0.018 0.041
0.031 0.018 0.042
0.031 0.018 0.041
0.031 0.018 0.04
0.031 0.018 0.039
0.031 0.018 0.038
0.031 0.018 0.037
0.031 0.018 0.036
0.031 0.018 0.035
0.031 0.018 0.034
0.031 0.018 0.033
0.031 0.018 0.032
0.031 0.018 0.031
0.031 0.018 0.03
0.032 0.018 0.03
0.033 0.018 0.03
0.034 0.018 0.03
0.035 0.018 0.03
0.036 0.018 0.03
0.037 0.018 0.03
0.038 0.018 0.03
0.039 0.018 0.03
0.04 0.018 0.03
0.04 0.017 0.03
0.04 0.016 0.03
0.04 0.015 0.03
0.04 0.014 0.03
0.04 0.013 0.03
0.04 0.012 0.03
0.041 0.012 0.03
0.042 0.012 0.03
0.043 0.012 0.03
0.044 0.012 0.03
0.045 0.012 0.03
0.046 0.012 0.03
0.047 0.012 0.03
0.048 0.012 0.03
0.049 0.012 0.03
0.05 0.012 0.03
0.051 0.012 0.03
0.052 0.012 0.03
0.053 0.012 0.03
0.054 0.012 0.03
0.055 0.012 0.03
0.056 0.012 0.03
0.057 0.012 0.03
0.058 0.012 0.03
0.059 0.012 0.03
0.06 0.012 0.03
0.061 0.012 0.03
0.062 0.012 0.03
0.063 0.012 0.03
0.064 0.012 0.03
0.065 0.012 0.03
0.066 0.012 0.03
0.067 0.012 0.03
0.068 0.012 0.03
0.069 0.012 0.03
0.07 0.012 0.03
0.071 0.012 0.03
0.072 0.012 0.03
0.073 0.012 0.03
0.074 0.012 0.03
0.075 0.012 0.03
0.076 0.012 0.03
0.077 0.012 0.03
0.078 0.012 0.03
0.079 0.012 0.03
0.08 0.012 0.03
0.081 0.012 0.03
0.082 0.012 0.03
0.083 0.012 0.03
0.084 0.012 0.03
0.085 0.012 0.03
0.086 0.012 0.03
0.087 0.012 0.03
0.088 0.012 0.03
0.089 0.012 0.03
0.09 0.012 0.03
0.091 0.012 0.03
0.092 0.012 0.03
0.093 0.012 0.03
0.094 0.012 0.03
0.095 0.012 0.03
0.096 0.012 0.03
0.097 0.012 0.03
0.098 0.012 0.03
0.099 0.012 0.03
0.1 0.012 0.03
0.101 0.012 0.03
0.1 0.012 0.03
0.1 0.012 0.031
0.1 0.012 0.032
0.1 0.012 0.033
0.1 0.012 0.034
0.1 0.012 0.035
0.1 0.012 0.036
0.1 0.012 0.037
0.1 0.012 0.038
0.1 0.012 0.039
0.1 0.012 0.04
0.099 0.012 0.04
0.098 0.012 0.04
0.097 0.012 0.04
0.096 0.012 0.04
0.095 0.012 0.04
0.094 0.012 0.04
0.093 0.012 0.04
0.092 0.012 0.04
0.091 0.012 0.04
0.09 0.012 0.04
0.089 0.012 0.04
0.088 0.012 0.04
0.087 0.012 0.04
0.086 0.012 0.04
0.085 0.012 0.04
0.084 0.012 0.04
0.085 0.012 0.04
0.084 0.012 0.04
0.083 0.012 0.04
0.082 0.012 0.04
0.081 0.012 0.04
0.08 0.012 0.04
0.081 0.012 0.04
0.082 0.012 0.04
0.083 0.012 0.04
0.084 0.012 0.04
0.085 0.012 0.04
0.084 0.012 0.04
0.083 0.012 0.04
0.082 0.012 0.04
0.081 0.012 0.04
0.08 0.012 0.04
0.08 0.013 0.04
0.08 0.014 0.04
0.08 0.015 0.04
0.08 0.016 0.04
0.08 0.017 0.04
0.08 0.018 0.04
0.08 0.019 0.04
0.08 0.02 0.04
